#Yongping
4194={
    position={
        4669.000 1328.000 4669.000 1328.000 4658.000 1326.000 4657.000 1310.000 4658.000 1326.000 4662.000 1323.000 4658.000 1326.000
    }
    rotation={
        0.000 0.000 0.000 0.000 0.000 0.000 0.000
    }
    height={
        0.000 0.000 1.000 0.000 0.000 0.000 0.000
    }
}

#B31 full positions recovery
5211={
    position={
        4685.000 1331.000 4685.000 1331.000 4685.000 1331.000 4685.000 1331.000 4685.000 1331.000 4685.000 1331.000 0.000 0.000
    }
    rotation={
        0.000 0.000 0.000 0.000 0.000 0.000 0.000
    }
    height={
        0.000 0.000 1.000 0.000 0.000 0.000 0.000
    }
}
